0  2  1  1
3
5   1  10  100
30
2  1  5  0
2  2  6  1  (1,5)
4  3  4  2  (1,2),(3,3)
4  4  4  0
8  5  8  0
12  6  9  1 (8,1)
16  7  10  3 (4,3),(2,4),(1,7)
19  8  10  0
20  9  5   1 (3,10)
22  10  6  3  (1,1),(3,3),(1,6)
24  11  15  1 (14,5)
28  12  4  0
32  13  5  0
34  14  20  0
39  15  11  1 (6,6)
43  16  9  0
45  17  13  1 (6,8)
47  18  7  0
49  19  14  0
50  20  16  2 (3,2),(4,3)
52  21  7  0
52  22  3  0
54  23  18  1 (16,4)
54  24  7  0
55  25  20  1 (11,4)
57  26  8  0
58  27  17  0
59  28  25  2 (3,3),(21,7)
61  29  4  0
65  30  1  0
4   10
6   11
30  12
29  13
12  14
20  17
15  18
26  20
21  27
11  28
13  28
29  32
24  36
19  55
25  58

