3  3  0  0
3
0   50  10  0
28
1  1  11  0
1  2  11  0  
1  3  11  0 
1  4  11  0
1  5  11  0
1  6  9  0 
3  7  4  0
3  8  12  0  
3  9  8  0 
3  10  12  0
3  11  11  0
3  12 10  0   
25  13  6  0 
25  14  6  0
25  15  6   0 
25  16  6  0  
25  17  6  0
25  18  6  0
27  19  10  0 (9,5)
27  20  10  0 
27  21  10  0 
27  22  10  0
27  23  10  0 
27  24  10  0
32  25  13  0
32  26  10  0 
32  27  16  0
32  28  16  0
32  29  16  0 
32  30  16  0
30  31  7  0 
30  32  7  0
30  33  7  0
40  34  12  0
40  35  8  0
21  40


