7  6  5  2
10
10   30  20  10
150
3  1  20  0
4  2  25  1  (15,5)
7  3  15  2  (1,2),(3,3)
7  4  30  0
8  5  27  3 (4,10),(10,8),(6,7)
10  6  17  1 (8,1)
11  7  40  3 (12,8),(20,10),(6,15)
12  8  10  1 (9,9)
12  9  13   0
13  10  18  3  (3,1),(3,3),(11,6)
14  11  15  1 (14,5)
14  12  23  0
16  13  8  0
16  14  23  1 (20,7)
19  15  29  1 (25,6)
20  16  4  0
25  17  14  5 (6,8),(3,5),(1,4),(1,7),(2,4)
27  18  25  0
29  19  35  1 (30,20)
30  20  16  2 (5,2),(7,3)
31  21  18  0
31  22  6  0
34  23  18  1 (16,4)
35  24  12  0
35  25  20  1 (11,4)
36  26  19  0
38  27  21  0
39  28  25  2 (3,3),(21,7)
39  29  13  0
39  30  8  0
61  31  40  7 (6,8),(9,5),(10,4),(5,7),(4,4),(2,7),(1,8)
61  32  7  0
62  33  22  0
63  34  29  3 (6,8),(10,5),(7,4)
63  35  14  1 (3,9)
65  36  11  0
68  37  15  2 (2,8),(4,5)
70  38  14  0
71  39  16  0
74  40  13  4 (6,8),(3,5),(2,4),(1,7)
76  41  24  0
76  42  14  0
76  43  19  0
78  44  7  0
78  45  28  4 (6,8),(6,5),(5,4),(5,7)
79  46  4  0
80  47  35  0
81  48  20  0
81  49  13  1 (10,10)
82  50  10  0
82  51  10  0
83  52  11  0
85  53  15  1 (13,7)
85  54  17  0
85  55  18  0
90  56  14  2 (7,7),(3,20)
93  57  17  0
95  58  21  0
97  59  23  0
99  60  3  0
101  61  19  0
104  62  17  1 (14,10)
105  63  16  2 (5,7),(8,4)
106  64  23  1 (7,5)
107  65  15  2 (4,6),(10,30)
109  66  17  0
109  67  14  0
109  68  12  1 (11,20)
109  69  45  0
110  70  6  0
140  71  9  0
140  72  20  0
140  73  22  1 (11,5)
140  74  13  0
140  75  18  3 (3,7),(6,13),(2,11)
145  76  50  0
145  77  44  0
146  78  30  1 (20,20)
147  79  15  0
148  80  17  0
149  81  20  0
150  82  23  2 (6,7),(1,8)
151  83  16  0
152  84  21  0
152  85  24  1 (7,15)
154  86  7  0
155  87  14  0
158  88  25  0
159  89  13  0
160  90  25  3 (5,10),(7,17),(8,18)
161  91  37  0
161  92  31  0
162  93  26  0
163  94  17  2 (10,4),(3,8)
164  95  14  0
165  96  18  1 (9,9)
166  97  4  0
168  98  6  5 (1,1),(1,1),(1,1),(1,1),(1,1)
169  99  20  0
170  100  21  7 (1,7),(4,5),(7,8),(2,8),(1,8),(3,8),(2,6)
170  101  19  0
171  102  14  0
172  103  17  0
173  104  15  0
175  105  9  0
180  106  4  0
181  107  55  0
182  108  44  0
183  109  25  0
185  110  18  3 (3,3),(5,18),(9,1)
186  111  14  0
187  112  17  1 (8,5)
188  113  13  0
189  114  17  0
190  115  3  0
200  116  29  0
201  117  26  0
201  118  17  1 (14,7)
202  119  21  0
202  120  40  0
203  121  18  0
204  122  9  0
205  123  21  2 (4,5),(6,13)
205  124  27  3 (5,8),(13,9),(3,9)
206  125  15  0
207  126  14  0
207  127  15  0
207  128  17  1 (11,8)
207  129  19  0
209  130  15  0
210  131  14  1 (8,7)
225  132  10  0
226  133  4  0
226  134  16  0
227  135  23  4 (4,4),(5,6),(5,9),(6,9)
229  136  17  0
240  137  10  0
241  138  15  0
241  139  18  2 (4,9),(7,9)
245  140  29  4 (1,2),(5,9),(10,13),(2,17)
245  141  48  0
250  142  10  0
250  143  1  0
251  144  44  0
252  145  17  8 (1,8),(1,10),(1,7),(2,9),(1,2),(1,5),(2,8),(3,20)
253  146  41  0
260  147  7  0
265  148  43  0
270  149  37  0
290  150  10  0
1   14
26   54
73  180
81  231
93  232
41  237
96  251
91  256
99  280
109  311
108  319
124  333
137  350
149  379
143  381

